3d=false
polyline=false
fit=false
0,23.829573558,119.598387975
0,23.822829166,119.804407832
0,23.802624871,120.009545481
0,23.769047191,120.212922490
0,23.722239911,120.413667967
0,23.662403466,120.610922291
0,23.589794086,120.803840787
0,23.504722694,120.991597350
0,23.407553580,121.173387975
0,23.298702837,121.348434209
0,23.178636580,121.515986477
0,23.047868952,121.675327293
0,22.906959919,121.825774336
0,22.756512876,121.966683369
0,22.597172060,122.097450997
0,22.429619792,122.217517254
0,22.254573558,122.326367997
0,22.072782932,122.423537111
0,21.885026370,122.508608503
0,21.692107874,122.581217883
0,21.494853550,122.641054328
0,21.294108073,122.687861609
0,21.090731064,122.721439289
0,20.885593415,122.741643584
0,20.679573558,122.748387975
0,20.473553701,122.741643584
0,20.268416053,122.721439289
0,20.065039044,122.687861609
0,19.864293566,122.641054328
0,19.667039242,122.581217883
0,19.474120746,122.508608503
0,19.286364184,122.423537111
0,19.104573558,122.326367997
0,18.929527324,122.217517254
0,18.761975057,122.097450997
0,18.602634241,121.966683369
0,18.452187197,121.825774336
0,18.311278165,121.675327293
0,18.180510536,121.515986477
0,18.060444279,121.348434209
0,17.951593536,121.173387975
0,17.854424422,120.991597350
0,17.769353031,120.803840787
0,17.696743650,120.610922291
0,17.636907205,120.413667967
0,17.590099925,120.212922490
0,17.556522245,120.009545481
0,17.536317950,119.804407832
0,17.529573558,119.598387975
0,17.536317950,119.392368118
0,17.556522245,119.187230470
0,17.590099925,118.983853461
0,17.636907205,118.783107983
0,17.696743650,118.585853660
0,17.769353031,118.392935163
0,17.854424422,118.205178601
0,17.951593536,118.023387975
0,18.060444279,117.848341741
0,18.180510536,117.680789474
0,18.311278165,117.521448658
0,18.452187197,117.371001615
0,18.602634241,117.230092582
0,18.761975057,117.099324953
0,18.929527324,116.979258697
0,19.104573558,116.870407953
0,19.286364184,116.773238840
0,19.474120746,116.688167448
0,19.667039242,116.615558067
0,19.864293566,116.555721623
0,20.065039044,116.508914342
0,20.268416053,116.475336662
0,20.473553701,116.455132367
0,20.679573558,116.448387975
0,20.885593415,116.455132367
0,21.090731064,116.475336662
0,21.294108073,116.508914342
0,21.494853550,116.555721623
0,21.692107874,116.615558067
0,21.885026370,116.688167448
0,22.072782932,116.773238840
0,22.254573558,116.870407953
0,22.429619792,116.979258697
0,22.597172060,117.099324953
0,22.756512876,117.230092582
0,22.906959919,117.371001615
0,23.047868952,117.521448658
0,23.178636580,117.680789474
0,23.298702837,117.848341741
0,23.407553580,118.023387975
0,23.504722694,118.205178601
0,23.589794086,118.392935163
0,23.662403466,118.585853660
0,23.722239911,118.783107983
0,23.769047191,118.983853461
0,23.802624871,119.187230470
0,23.822829166,119.392368118
0,23.829573558,119.598387975

0,14.228412123,110.269368783
0,14.221667731,110.475388640
0,14.201463436,110.680526289
0,14.167885756,110.883903298
0,14.121078475,111.084648775
0,14.061242030,111.281903099
0,13.988632650,111.474821595
0,13.903561258,111.662578157
0,13.806392144,111.844368783
0,13.697541401,112.019415017
0,13.577475144,112.186967285
0,13.446707516,112.346308101
0,13.305798483,112.496755144
0,13.155351440,112.637664177
0,12.996010624,112.768431805
0,12.828458357,112.888498062
0,12.653412123,112.997348805
0,12.471621497,113.094517919
0,12.283864934,113.179589311
0,12.090946438,113.252198691
0,11.893692115,113.312035136
0,11.692946637,113.358842417
0,11.489569628,113.392420097
0,11.284431980,113.412624391
0,11.078412123,113.419368783
0,10.872392265,113.412624391
0,10.667254617,113.392420097
0,10.463877608,113.358842417
0,10.263132130,113.312035136
0,10.065877807,113.252198691
0,9.872959311,113.179589311
0,9.685202748,113.094517919
0,9.503412123,112.997348805
0,9.328365889,112.888498062
0,9.160813621,112.768431805
0,9.001472805,112.637664177
0,8.851025762,112.496755144
0,8.710116729,112.346308101
0,8.579349101,112.186967285
0,8.459282844,112.019415017
0,8.350432101,111.844368783
0,8.253262987,111.662578157
0,8.168191595,111.474821595
0,8.095582215,111.281903099
0,8.035745770,111.084648775
0,7.988938489,110.883903298
0,7.955360809,110.680526289
0,7.935156514,110.475388640
0,7.928412123,110.269368783
0,7.935156514,110.063348926
0,7.955360809,109.858211278
0,7.988938489,109.654834269
0,8.035745770,109.454088791
0,8.095582215,109.256834468
0,8.168191595,109.063915971
0,8.253262987,108.876159409
0,8.350432101,108.694368783
0,8.459282844,108.519322549
0,8.579349101,108.351770282
0,8.710116729,108.192429466
0,8.851025762,108.041982423
0,9.001472805,107.901073390
0,9.160813621,107.770305761
0,9.328365889,107.650239505
0,9.503412123,107.541388761
0,9.685202748,107.444219647
0,9.872959311,107.359148256
0,10.065877807,107.286538875
0,10.263132130,107.226702430
0,10.463877608,107.179895150
0,10.667254617,107.146317470
0,10.872392265,107.126113175
0,11.078412123,107.119368783
0,11.284431980,107.126113175
0,11.489569628,107.146317470
0,11.692946637,107.179895150
0,11.893692115,107.226702430
0,12.090946438,107.286538875
0,12.283864934,107.359148256
0,12.471621497,107.444219647
0,12.653412123,107.541388761
0,12.828458357,107.650239505
0,12.996010624,107.770305761
0,13.155351440,107.901073390
0,13.305798483,108.041982423
0,13.446707516,108.192429466
0,13.577475144,108.351770282
0,13.697541401,108.519322549
0,13.806392144,108.694368783
0,13.903561258,108.876159409
0,13.988632650,109.063915971
0,14.061242030,109.256834468
0,14.121078475,109.454088791
0,14.167885756,109.654834269
0,14.201463436,109.858211278
0,14.221667731,110.063348926
0,14.228412123,110.269368783

0,30.832798905,102.465879848
0,30.826054514,102.671899705
0,30.805850219,102.877037354
0,30.772272539,103.080414362
0,30.725465258,103.281159840
0,30.665628813,103.478414164
0,30.593019433,103.671332660
0,30.507948041,103.859089222
0,30.410778927,104.040879848
0,30.301928184,104.215926082
0,30.181861927,104.383478349
0,30.051094299,104.542819166
0,29.910185266,104.693266209
0,29.759738223,104.834175242
0,29.600397407,104.964942870
0,29.432845139,105.085009127
0,29.257798905,105.193859870
0,29.076008280,105.291028984
0,28.888251717,105.376100375
0,28.695333221,105.448709756
0,28.498078898,105.508546201
0,28.297333420,105.555353481
0,28.093956411,105.588931161
0,27.888818763,105.609135456
0,27.682798905,105.615879848
0,27.476779048,105.609135456
0,27.271641400,105.588931161
0,27.068264391,105.555353481
0,26.867518913,105.508546201
0,26.670264590,105.448709756
0,26.477346094,105.376100375
0,26.289589531,105.291028984
0,26.107798905,105.193859870
0,25.932752671,105.085009127
0,25.765200404,104.964942870
0,25.605859588,104.834175242
0,25.455412545,104.693266209
0,25.314503512,104.542819166
0,25.183735884,104.383478349
0,25.063669627,104.215926082
0,24.954818884,104.040879848
0,24.857649770,103.859089222
0,24.772578378,103.671332660
0,24.699968998,103.478414164
0,24.640132553,103.281159840
0,24.593325272,103.080414362
0,24.559747592,102.877037354
0,24.539543297,102.671899705
0,24.532798905,102.465879848
0,24.539543297,102.259859991
0,24.559747592,102.054722343
0,24.593325272,101.851345334
0,24.640132553,101.650599856
0,24.699968998,101.453345532
0,24.772578378,101.260427036
0,24.857649770,101.072670474
0,24.954818884,100.890879848
0,25.063669627,100.715833614
0,25.183735884,100.548281347
0,25.314503512,100.388940530
0,25.455412545,100.238493487
0,25.605859588,100.097584454
0,25.765200404,99.966816826
0,25.932752671,99.846750569
0,26.107798905,99.737899826
0,26.289589531,99.640730712
0,26.477346094,99.555659321
0,26.670264590,99.483049940
0,26.867518913,99.423213495
0,27.068264391,99.376406215
0,27.271641400,99.342828535
0,27.476779048,99.322624240
0,27.682798905,99.315879848
0,27.888818763,99.322624240
0,28.093956411,99.342828535
0,28.297333420,99.376406215
0,28.498078898,99.423213495
0,28.695333221,99.483049940
0,28.888251717,99.555659321
0,29.076008280,99.640730712
0,29.257798905,99.737899826
0,29.432845139,99.846750569
0,29.600397407,99.966816826
0,29.759738223,100.097584454
0,29.910185266,100.238493487
0,30.051094299,100.388940530
0,30.181861927,100.548281347
0,30.301928184,100.715833614
0,30.410778927,100.890879848
0,30.507948041,101.072670474
0,30.593019433,101.260427036
0,30.665628813,101.453345532
0,30.725465258,101.650599856
0,30.772272539,101.851345334
0,30.805850219,102.054722343
0,30.826054514,102.259859991
0,30.832798905,102.465879848

0,39.659952558,89.664166744
0,39.653208166,89.870186601
0,39.633003872,90.075324250
0,39.599426192,90.278701259
0,39.552618911,90.479446736
0,39.492782466,90.676701060
0,39.420173086,90.869619556
0,39.335101694,91.057376118
0,39.237932580,91.239166744
0,39.129081837,91.414212978
0,39.009015580,91.581765246
0,38.878247952,91.741106062
0,38.737338919,91.891553105
0,38.586891876,92.032462138
0,38.427551060,92.163229766
0,38.259998792,92.283296023
0,38.084952558,92.392146766
0,37.903161932,92.489315880
0,37.715405370,92.574387272
0,37.522486874,92.646996652
0,37.325232550,92.706833097
0,37.124487073,92.753640378
0,36.921110064,92.787218058
0,36.715972415,92.807422352
0,36.509952558,92.814166744
0,36.303932701,92.807422352
0,36.098795053,92.787218058
0,35.895418044,92.753640378
0,35.694672566,92.706833097
0,35.497418243,92.646996652
0,35.304499746,92.574387272
0,35.116743184,92.489315880
0,34.934952558,92.392146766
0,34.759906324,92.283296023
0,34.592354057,92.163229766
0,34.433013241,92.032462138
0,34.282566197,91.891553105
0,34.141657165,91.741106062
0,34.010889536,91.581765246
0,33.890823279,91.414212978
0,33.781972536,91.239166744
0,33.684803422,91.057376118
0,33.599732031,90.869619556
0,33.527122650,90.676701060
0,33.467286205,90.479446736
0,33.420478925,90.278701259
0,33.386901245,90.075324250
0,33.366696950,89.870186601
0,33.359952558,89.664166744
0,33.366696950,89.458146887
0,33.386901245,89.253009239
0,33.420478925,89.049632230
0,33.467286205,88.848886752
0,33.527122650,88.651632429
0,33.599732031,88.458713932
0,33.684803422,88.270957370
0,33.781972536,88.089166744
0,33.890823279,87.914120510
0,34.010889536,87.746568243
0,34.141657165,87.587227427
0,34.282566197,87.436780384
0,34.433013241,87.295871351
0,34.592354057,87.165103722
0,34.759906324,87.045037466
0,34.934952558,86.936186722
0,35.116743184,86.839017608
0,35.304499746,86.753946217
0,35.497418243,86.681336836
0,35.694672566,86.621500391
0,35.895418044,86.574693111
0,36.098795053,86.541115431
0,36.303932701,86.520911136
0,36.509952558,86.514166744
0,36.715972415,86.520911136
0,36.921110064,86.541115431
0,37.124487073,86.574693111
0,37.325232550,86.621500391
0,37.522486874,86.681336836
0,37.715405370,86.753946217
0,37.903161932,86.839017608
0,38.084952558,86.936186722
0,38.259998792,87.045037466
0,38.427551060,87.165103722
0,38.586891876,87.295871351
0,38.737338919,87.436780384
0,38.878247952,87.587227427
0,39.009015580,87.746568243
0,39.129081837,87.914120510
0,39.237932580,88.089166744
0,39.335101694,88.270957370
0,39.420173086,88.458713932
0,39.492782466,88.651632429
0,39.552618911,88.848886752
0,39.599426192,89.049632230
0,39.633003872,89.253009239
0,39.653208166,89.458146887
0,39.659952558,89.664166744

0,47.298252134,76.613604320
0,47.291507742,76.819624177
0,47.271303448,77.024761826
0,47.237725768,77.228138834
0,47.190918487,77.428884312
0,47.131082042,77.626138636
0,47.058472662,77.819057132
0,46.973401270,78.006813694
0,46.876232156,78.188604320
0,46.767381413,78.363650554
0,46.647315156,78.531202821
0,46.516547528,78.690543638
0,46.375638495,78.840990681
0,46.225191452,78.981899714
0,46.065850636,79.112667342
0,45.898298368,79.232733599
0,45.723252134,79.341584342
0,45.541461508,79.438753456
0,45.353704946,79.523824848
0,45.160786450,79.596434228
0,44.963532126,79.656270673
0,44.762786649,79.703077953
0,44.559409640,79.736655633
0,44.354271991,79.756859928
0,44.148252134,79.763604320
0,43.942232277,79.756859928
0,43.737094629,79.736655633
0,43.533717620,79.703077953
0,43.332972142,79.656270673
0,43.135717819,79.596434228
0,42.942799322,79.523824848
0,42.755042760,79.438753456
0,42.573252134,79.341584342
0,42.398205900,79.232733599
0,42.230653633,79.112667342
0,42.071312817,78.981899714
0,41.920865774,78.840990681
0,41.779956741,78.690543638
0,41.649189112,78.531202821
0,41.529122856,78.363650554
0,41.420272112,78.188604320
0,41.323102998,78.006813694
0,41.238031607,77.819057132
0,41.165422226,77.626138636
0,41.105585781,77.428884312
0,41.058778501,77.228138834
0,41.025200821,77.024761826
0,41.004996526,76.819624177
0,40.998252134,76.613604320
0,41.004996526,76.407584463
0,41.025200821,76.202446815
0,41.058778501,75.999069806
0,41.105585781,75.798324328
0,41.165422226,75.601070004
0,41.238031607,75.408151508
0,41.323102998,75.220394946
0,41.420272112,75.038604320
0,41.529122856,74.863558086
0,41.649189112,74.696005819
0,41.779956741,74.536665003
0,41.920865774,74.386217959
0,42.071312817,74.245308927
0,42.230653633,74.114541298
0,42.398205900,73.994475041
0,42.573252134,73.885624298
0,42.755042760,73.788455184
0,42.942799322,73.703383793
0,43.135717819,73.630774412
0,43.332972142,73.570937967
0,43.533717620,73.524130687
0,43.737094629,73.490553007
0,43.942232277,73.470348712
0,44.148252134,73.463604320
0,44.354271991,73.470348712
0,44.559409640,73.490553007
0,44.762786649,73.524130687
0,44.963532126,73.570937967
0,45.160786450,73.630774412
0,45.353704946,73.703383793
0,45.541461508,73.788455184
0,45.723252134,73.885624298
0,45.898298368,73.994475041
0,46.065850636,74.114541298
0,46.225191452,74.245308927
0,46.375638495,74.386217959
0,46.516547528,74.536665003
0,46.647315156,74.696005819
0,46.767381413,74.863558086
0,46.876232156,75.038604320
0,46.973401270,75.220394946
0,47.058472662,75.408151508
0,47.131082042,75.601070004
0,47.190918487,75.798324328
0,47.237725768,75.999069806
0,47.271303448,76.202446815
0,47.291507742,76.407584463
0,47.298252134,76.613604320

0,54.510951624,62.577209980
0,54.504207232,62.783229837
0,54.484002937,62.988367485
0,54.450425257,63.191744494
0,54.403617977,63.392489972
0,54.343781532,63.589744296
0,54.271172151,63.782662792
0,54.186100760,63.970419354
0,54.088931646,64.152209980
0,53.980080903,64.327256214
0,53.860014646,64.494808481
0,53.729247018,64.654149298
0,53.588337985,64.804596341
0,53.437890942,64.945505374
0,53.278550125,65.076273002
0,53.110997858,65.196339259
0,52.935951624,65.305190002
0,52.754160998,65.402359116
0,52.566404436,65.487430507
0,52.373485940,65.560039888
0,52.176231616,65.619876333
0,51.975486138,65.666683613
0,51.772109129,65.700261293
0,51.566971481,65.720465588
0,51.360951624,65.727209980
0,51.154931767,65.720465588
0,50.949794118,65.700261293
0,50.746417110,65.666683613
0,50.545671632,65.619876333
0,50.348417308,65.560039888
0,50.155498812,65.487430507
0,49.967742250,65.402359116
0,49.785951624,65.305190002
0,49.610905390,65.196339259
0,49.443353123,65.076273002
0,49.284012306,64.945505374
0,49.133565263,64.804596341
0,48.992656230,64.654149298
0,48.861888602,64.494808481
0,48.741822345,64.327256214
0,48.632971602,64.152209980
0,48.535802488,63.970419354
0,48.450731097,63.782662792
0,48.378121716,63.589744296
0,48.318285271,63.392489972
0,48.271477991,63.191744494
0,48.237900311,62.988367485
0,48.217696016,62.783229837
0,48.210951624,62.577209980
0,48.217696016,62.371190123
0,48.237900311,62.166052475
0,48.271477991,61.962675466
0,48.318285271,61.761929988
0,48.378121716,61.564675664
0,48.450731097,61.371757168
0,48.535802488,61.184000606
0,48.632971602,61.002209980
0,48.741822345,60.827163746
0,48.861888602,60.659611479
0,48.992656230,60.500270662
0,49.133565263,60.349823619
0,49.284012306,60.208914586
0,49.443353123,60.078146958
0,49.610905390,59.958080701
0,49.785951624,59.849229958
0,49.967742250,59.752060844
0,50.155498812,59.666989453
0,50.348417308,59.594380072
0,50.545671632,59.534543627
0,50.746417110,59.487736347
0,50.949794118,59.454158667
0,51.154931767,59.433954372
0,51.360951624,59.427209980
0,51.566971481,59.433954372
0,51.772109129,59.454158667
0,51.975486138,59.487736347
0,52.176231616,59.534543627
0,52.373485940,59.594380072
0,52.566404436,59.666989453
0,52.754160998,59.752060844
0,52.935951624,59.849229958
0,53.110997858,59.958080701
0,53.278550125,60.078146958
0,53.437890942,60.208914586
0,53.588337985,60.349823619
0,53.729247018,60.500270662
0,53.860014646,60.659611479
0,53.980080903,60.827163746
0,54.088931646,61.002209980
0,54.186100760,61.184000606
0,54.271172151,61.371757168
0,54.343781532,61.564675664
0,54.403617977,61.761929988
0,54.450425257,61.962675466
0,54.484002937,62.166052475
0,54.504207232,62.371190123
0,54.510951624,62.577209980

0,60.866687641,48.885218902
0,60.859943249,49.091238759
0,60.839738955,49.296376408
0,60.806161275,49.499753416
0,60.759353994,49.700498894
0,60.699517549,49.897753218
0,60.626908169,50.090671714
0,60.541836777,50.278428276
0,60.444667663,50.460218902
0,60.335816920,50.635265136
0,60.215750663,50.802817403
0,60.084983035,50.962158220
0,59.944074002,51.112605263
0,59.793626959,51.253514296
0,59.634286143,51.384281924
0,59.466733875,51.504348181
0,59.291687641,51.613198924
0,59.109897015,51.710368038
0,58.922140453,51.795439429
0,58.729221957,51.868048810
0,58.531967633,51.927885255
0,58.331222156,51.974692535
0,58.127845147,52.008270215
0,57.922707498,52.028474510
0,57.716687641,52.035218902
0,57.510667784,52.028474510
0,57.305530136,52.008270215
0,57.102153127,51.974692535
0,56.901407649,51.927885255
0,56.704153326,51.868048810
0,56.511234829,51.795439429
0,56.323478267,51.710368038
0,56.141687641,51.613198924
0,55.966641407,51.504348181
0,55.799089140,51.384281924
0,55.639748324,51.253514296
0,55.489301281,51.112605263
0,55.348392248,50.962158220
0,55.217624619,50.802817403
0,55.097558363,50.635265136
0,54.988707619,50.460218902
0,54.891538505,50.278428276
0,54.806467114,50.090671714
0,54.733857733,49.897753218
0,54.674021288,49.700498894
0,54.627214008,49.499753416
0,54.593636328,49.296376408
0,54.573432033,49.091238759
0,54.566687641,48.885218902
0,54.573432033,48.679199045
0,54.593636328,48.474061397
0,54.627214008,48.270684388
0,54.674021288,48.069938910
0,54.733857733,47.872684586
0,54.806467114,47.679766090
0,54.891538505,47.492009528
0,54.988707619,47.310218902
0,55.097558363,47.135172668
0,55.217624619,46.967620401
0,55.348392248,46.808279585
0,55.489301281,46.657832541
0,55.639748324,46.516923509
0,55.799089140,46.386155880
0,55.966641407,46.266089623
0,56.141687641,46.157238880
0,56.323478267,46.060069766
0,56.511234829,45.974998375
0,56.704153326,45.902388994
0,56.901407649,45.842552549
0,57.102153127,45.795745269
0,57.305530136,45.762167589
0,57.510667784,45.741963294
0,57.716687641,45.735218902
0,57.922707498,45.741963294
0,58.127845147,45.762167589
0,58.331222156,45.795745269
0,58.531967633,45.842552549
0,58.729221957,45.902388994
0,58.922140453,45.974998375
0,59.109897015,46.060069766
0,59.291687641,46.157238880
0,59.466733875,46.266089623
0,59.634286143,46.386155880
0,59.793626959,46.516923509
0,59.944074002,46.657832541
0,60.084983035,46.808279585
0,60.215750663,46.967620401
0,60.335816920,47.135172668
0,60.444667663,47.310218902
0,60.541836777,47.492009528
0,60.626908169,47.679766090
0,60.699517549,47.872684586
0,60.759353994,48.069938910
0,60.806161275,48.270684388
0,60.839738955,48.474061397
0,60.859943249,48.679199045
0,60.866687641,48.885218902

0,65.242266682,34.493813303
0,65.238948013,34.595188153
0,65.229006217,34.696128900
0,65.212483866,34.796203302
0,65.189451713,34.894982822
0,65.160008383,34.992044474
0,65.124279957,35.086972623
0,65.082419431,35.179360772
0,65.034606058,35.268813303
0,64.981044581,35.354947164
0,64.921964359,35.437393518
0,64.857618383,35.515799316
0,64.788282193,35.589828813
0,64.714252695,35.659165004
0,64.635846897,35.723510980
0,64.553400543,35.782591202
0,64.467266682,35.836152678
0,64.377814152,35.883966052
0,64.285426002,35.925826578
0,64.190497853,35.961555003
0,64.093436202,35.990998333
0,63.994656681,36.014030487
0,63.894582280,36.030552838
0,63.793641532,36.040494634
0,63.692266682,36.043813303
0,63.590891832,36.040494634
0,63.489951084,36.030552838
0,63.389876683,36.014030487
0,63.291097162,35.990998333
0,63.194035511,35.961555003
0,63.099107362,35.925826578
0,63.006719212,35.883966052
0,62.917266682,35.836152678
0,62.831132821,35.782591202
0,62.748686467,35.723510980
0,62.670280668,35.659165004
0,62.596251171,35.589828813
0,62.526914980,35.515799316
0,62.462569004,35.437393518
0,62.403488783,35.354947164
0,62.349927306,35.268813303
0,62.302113932,35.179360772
0,62.260253406,35.086972623
0,62.224524981,34.992044474
0,62.195081651,34.894982822
0,62.172049497,34.796203302
0,62.155527147,34.696128900
0,62.145585351,34.595188153
0,62.142266682,34.493813303
0,62.145585351,34.392438452
0,62.155527147,34.291497705
0,62.172049497,34.191423303
0,62.195081651,34.092643783
0,62.224524981,33.995582131
0,62.260253406,33.900653982
0,62.302113932,33.808265833
0,62.349927306,33.718813303
0,62.403488783,33.632679441
0,62.462569004,33.550233088
0,62.526914980,33.471827289
0,62.596251171,33.397797792
0,62.670280668,33.328461601
0,62.748686467,33.264115625
0,62.831132821,33.205035403
0,62.917266682,33.151473927
0,63.006719212,33.103660553
0,63.099107362,33.061800027
0,63.194035511,33.026071602
0,63.291097162,32.996628272
0,63.389876683,32.973596118
0,63.489951084,32.957073767
0,63.590891832,32.947131972
0,63.692266682,32.943813303
0,63.793641532,32.947131972
0,63.894582280,32.957073767
0,63.994656681,32.973596118
0,64.093436202,32.996628272
0,64.190497853,33.026071602
0,64.285426002,33.061800027
0,64.377814152,33.103660553
0,64.467266682,33.151473927
0,64.553400543,33.205035403
0,64.635846897,33.264115625
0,64.714252695,33.328461601
0,64.788282193,33.397797792
0,64.857618383,33.471827289
0,64.921964359,33.550233088
0,64.981044581,33.632679441
0,65.034606058,33.718813303
0,65.082419431,33.808265833
0,65.124279957,33.900653982
0,65.160008383,33.995582131
0,65.189451713,34.092643783
0,65.212483866,34.191423303
0,65.229006217,34.291497705
0,65.238948013,34.392438452
0,65.242266682,34.493813303

0,70.841731615,20.207470437
0,70.838412946,20.308845288
0,70.828471150,20.409786035
0,70.811948800,20.509860436
0,70.788916646,20.608639957
0,70.759473316,20.705701609
0,70.723744890,20.800629757
0,70.681884364,20.893017907
0,70.634070991,20.982470437
0,70.580509514,21.068604298
0,70.521429292,21.151050652
0,70.457083316,21.229456451
0,70.387747126,21.303485948
0,70.313717628,21.372822139
0,70.235311830,21.437168115
0,70.152865476,21.496248336
0,70.066731615,21.549809813
0,69.977279085,21.597623187
0,69.884890935,21.639483713
0,69.789962786,21.675212138
0,69.692901135,21.704655468
0,69.594121614,21.727687622
0,69.494047213,21.744209972
0,69.393106465,21.754151768
0,69.291731615,21.757470437
0,69.190356765,21.754151768
0,69.089416017,21.744209972
0,68.989341616,21.727687622
0,68.890562095,21.704655468
0,68.793500444,21.675212138
0,68.698572295,21.639483713
0,68.606184145,21.597623187
0,68.516731615,21.549809813
0,68.430597754,21.496248336
0,68.348151400,21.437168115
0,68.269745601,21.372822139
0,68.195716104,21.303485948
0,68.126379913,21.229456451
0,68.062033937,21.151050652
0,68.002953716,21.068604298
0,67.949392239,20.982470437
0,67.901578866,20.893017907
0,67.859718339,20.800629757
0,67.823989914,20.705701609
0,67.794546584,20.608639957
0,67.771514430,20.509860436
0,67.754992080,20.409786035
0,67.745050284,20.308845288
0,67.741731615,20.207470437
0,67.745050284,20.106095587
0,67.754992080,20.005154839
0,67.771514430,19.905080438
0,67.794546584,19.806300917
0,67.823989914,19.709239266
0,67.859718339,19.614311117
0,67.901578866,19.521922967
0,67.949392239,19.432470437
0,68.002953716,19.346336576
0,68.062033937,19.263890222
0,68.126379913,19.185484424
0,68.195716104,19.111454926
0,68.269745601,19.042118736
0,68.348151400,18.977772760
0,68.430597754,18.918692538
0,68.516731615,18.865131061
0,68.606184145,18.817317688
0,68.698572295,18.775457162
0,68.793500444,18.739728737
0,68.890562095,18.710285407
0,68.989341616,18.687253253
0,69.089416017,18.670730902
0,69.190356765,18.660789106
0,69.291731615,18.657470437
0,69.393106465,18.660789106
0,69.494047213,18.670730902
0,69.594121614,18.687253253
0,69.692901135,18.710285407
0,69.789962786,18.739728737
0,69.884890935,18.775457162
0,69.977279085,18.817317688
0,70.066731615,18.865131061
0,70.152865476,18.918692538
0,70.235311830,18.977772760
0,70.313717628,19.042118736
0,70.387747126,19.111454926
0,70.457083316,19.185484424
0,70.521429292,19.263890222
0,70.580509514,19.346336576
0,70.634070991,19.432470437
0,70.681884364,19.521922967
0,70.723744890,19.614311117
0,70.759473316,19.709239266
0,70.788916646,19.806300917
0,70.811948800,19.905080438
0,70.828471150,20.005154839
0,70.838412946,20.106095587
0,70.841731615,20.207470437

0,75.592193066,5.600383145
0,75.590073400,5.665132243
0,75.583723479,5.729604075
0,75.573170494,5.793522564
0,75.558459634,5.856613999
0,75.539653895,5.918608215
0,75.516833804,5.979239743
0,75.490097080,6.038248948
0,75.459558216,6.095383145
0,75.425347983,6.150397675
0,75.387612873,6.203056959
0,75.346514476,6.253135502
0,75.302228780,6.300418858
0,75.254945423,6.344704554
0,75.204866881,6.385802952
0,75.152207597,6.423538061
0,75.097193066,6.457748294
0,75.040058870,6.488287159
0,74.981049664,6.515023882
0,74.920418137,6.537843973
0,74.858423921,6.556649713
0,74.795332485,6.571360572
0,74.731413997,6.581913558
0,74.666942164,6.588263479
0,74.602193066,6.590383145
0,74.537443968,6.588263479
0,74.472972136,6.581913558
0,74.409053648,6.571360572
0,74.345962212,6.556649713
0,74.283967996,6.537843973
0,74.223336468,6.515023882
0,74.164327263,6.488287159
0,74.107193066,6.457748294
0,74.052178536,6.423538061
0,73.999519252,6.385802952
0,73.949440709,6.344704554
0,73.902157353,6.300418858
0,73.857871657,6.253135502
0,73.816773259,6.203056959
0,73.779038150,6.150397675
0,73.744827917,6.095383145
0,73.714289052,6.038248948
0,73.687552329,5.979239743
0,73.664732238,5.918608215
0,73.645926498,5.856613999
0,73.631215639,5.793522564
0,73.620662654,5.729604075
0,73.614312732,5.665132243
0,73.612193066,5.600383145
0,73.614312732,5.535634047
0,73.620662654,5.471162214
0,73.631215639,5.407243726
0,73.645926498,5.344152290
0,73.664732238,5.282158074
0,73.687552329,5.221526547
0,73.714289052,5.162517341
0,73.744827917,5.105383145
0,73.779038150,5.050368614
0,73.816773259,4.997709330
0,73.857871657,4.947630788
0,73.902157353,4.900347431
0,73.949440709,4.856061735
0,73.999519252,4.814963338
0,74.052178536,4.777228229
0,74.107193066,4.743017995
0,74.164327263,4.712479131
0,74.223336468,4.685742408
0,74.283967996,4.662922317
0,74.345962212,4.644116577
0,74.409053648,4.629405717
0,74.472972136,4.618852732
0,74.537443968,4.612502811
0,74.602193066,4.610383145
0,74.666942164,4.612502811
0,74.731413997,4.618852732
0,74.795332485,4.629405717
0,74.858423921,4.644116577
0,74.920418137,4.662922317
0,74.981049664,4.685742408
0,75.040058870,4.712479131
0,75.097193066,4.743017995
0,75.152207597,4.777228229
0,75.204866881,4.814963338
0,75.254945423,4.856061735
0,75.302228780,4.900347431
0,75.346514476,4.947630788
0,75.387612873,4.997709330
0,75.425347983,5.050368614
0,75.459558216,5.105383145
0,75.490097080,5.162517341
0,75.516833804,5.221526547
0,75.539653895,5.282158074
0,75.558459634,5.344152290
0,75.573170494,5.407243726
0,75.583723479,5.471162214
0,75.590073400,5.535634047
0,75.592193066,5.600383145
